 hw  Nmax Ebind rms-p rms-n rms-mass E2-E1
 01.00 02 0.835 7.028 6.835  6.933   1.624 
 02.00 02 0.260 4.225 4.176  4.201   2.253 
 03.00 02 -1.165 3.353 3.332  3.342   2.703 
 04.00 02 -3.023 2.887 2.875  2.881   3.010 
 05.00 02 -5.095 2.580 2.571  2.576   3.207 
 06.00 02 -7.245 2.356 2.349  2.353   3.325 
 07.00 02 -9.383 2.184 2.178  2.181   3.389 
 08.00 02 -11.445 2.046 2.041  2.044   3.421 
 09.00 02 -13.389 1.934 1.929  1.932   3.439 
 10.00 02 -15.184 1.841 1.836  1.839   3.464 
 11.00 02 -16.814 1.763 1.758  1.760   3.514 
 12.00 02 -18.268 1.697 1.692  1.694   3.606 
 13.00 02 -19.545 1.641 1.637  1.639   3.759 
 14.00 02 -20.648 1.594 1.590  1.592   3.992 
 15.00 02 -21.585 1.554 1.550  1.552   4.322 
 16.00 02 -22.369 1.522 1.517  1.520   4.770 
 17.00 02 -23.013 1.495 1.491  1.493   5.353 
 18.00 02 -23.535 1.473 1.469  1.471   6.090 
 19.00 02 -23.951 1.456 1.451  1.453   6.998 
 20.00 02 -24.279 1.442 1.437  1.440   8.091 
 22.00 02 -24.730 1.422 1.417  1.419   10.884 
 24.00 02 -24.993 1.407 1.403  1.405   14.539 
 26.00 02 -25.134 1.394 1.390  1.392   19.078 
 28.00 02 -25.187 1.380 1.376  1.378   24.481 
 30.00 02 -25.154 1.364 1.360  1.362   30.697 
 32.00 02 -25.029 1.346 1.343  1.344   37.659 
 34.00 02 -24.793 1.327 1.324  1.325   43.298 
 01.00 04 0.445 7.884 7.698  7.792   1.582 
 02.00 04 -0.788 4.522 4.475  4.499   2.084 
 03.00 04 -3.007 3.420 3.400  3.410   2.274 
 04.00 04 -5.661 2.871 2.858  2.864   2.254 
 05.00 04 -8.447 2.529 2.520  2.524   2.098 
 06.00 04 -11.187 2.290 2.283  2.287   1.862 
 07.00 04 -13.769 2.113 2.107  2.110   1.590 
 08.00 04 -16.126 1.976 1.971  1.973   1.317 
 09.00 04 -18.222 1.868 1.863  1.865   1.067 
 10.00 04 -20.040 1.781 1.776  1.778   0.862 
 11.00 04 -21.583 1.710 1.706  1.708   0.716 
 12.00 04 -22.866 1.654 1.649  1.651   0.643 
 13.00 04 -23.909 1.608 1.603  1.606   0.649 
 14.00 04 -24.743 1.571 1.567  1.569   0.740 
 15.00 04 -25.397 1.542 1.538  1.540   0.917 
 16.00 04 -25.902 1.519 1.515  1.517   1.178 
 17.00 04 -26.290 1.501 1.496  1.499   1.518 
 18.00 04 -26.587 1.487 1.482  1.484   1.933 
 19.00 04 -26.814 1.475 1.470  1.472   2.416 
 20.00 04 -26.990 1.465 1.460  1.462   2.960 
 22.00 04 -27.241 1.448 1.443  1.445   4.218 
 24.00 04 -27.404 1.433 1.428  1.431   5.687 
 26.00 04 -27.507 1.419 1.415  1.417   7.376 
 28.00 04 -27.560 1.406 1.402  1.404   9.312 
 30.00 04 -27.562 1.393 1.389  1.391   11.529 
 32.00 04 -27.514 1.381 1.377  1.379   14.065 
 34.00 04 -27.416 1.369 1.365  1.367   16.949 
 01.00 06 0.340 6.915 6.688  6.802   0.844 
 02.00 06 -1.625 3.871 3.839  3.855   0.859 
 03.00 06 -4.674 3.047 3.032  3.040   0.548 
 04.00 06 -8.055 2.596 2.587  2.592   0.010 
 05.00 06 -11.401 2.302 2.294  2.298   -0.640 
 06.00 06 -14.508 2.092 2.086  2.089   -1.321 
 07.00 06 -17.266 1.935 1.929  1.932   -1.975 
 08.00 06 -19.627 1.815 1.809  1.812   -2.563 
 09.00 06 -21.582 1.722 1.716  1.719   -3.058 
 10.00 06 -23.154 1.650 1.645  1.647   -3.442 
 11.00 06 -24.384 1.596 1.590  1.593   -3.703 
 12.00 06 -25.325 1.555 1.550  1.553   -3.835 
 13.00 06 -26.033 1.526 1.521  1.524   -3.837 
 14.00 06 -26.564 1.506 1.501  1.504   -3.714 
 15.00 06 -26.966 1.493 1.488  1.490   -3.478 
 16.00 06 -27.278 1.484 1.479  1.481   -3.142 
 17.00 06 -27.529 1.478 1.472  1.475   -2.724 
 18.00 06 -27.739 1.473 1.468  1.470   -2.238 
 19.00 06 -27.919 1.469 1.464  1.466   -1.702 
 20.00 06 -28.076 1.465 1.460  1.463   -1.125 
 22.00 06 -28.328 1.457 1.452  1.455   0.114 
 24.00 06 -28.502 1.448 1.443  1.446   1.437 
 26.00 06 -28.599 1.439 1.434  1.436   2.833 
 28.00 06 -28.628 1.429 1.425  1.427   4.307 
 30.00 06 -28.600 1.420 1.415  1.418   5.868 
 32.00 06 -28.527 1.411 1.406  1.408   7.529 
 34.00 06 -28.422 1.401 1.397  1.399   9.305 
 01.00 08 0.057 7.092 6.897  6.995   0.804 
 02.00 08 -2.654 3.712 3.685  3.698   0.658 
 03.00 08 -6.469 2.888 2.875  2.881   0.065 
 04.00 08 -10.456 2.451 2.443  2.447   -0.770 
 05.00 08 -14.188 2.170 2.163  2.166   -1.667 
 06.00 08 -17.458 1.971 1.966  1.968   -2.520 
 07.00 08 -20.180 1.826 1.821  1.824   -3.274 
 08.00 08 -22.350 1.719 1.713  1.716   -3.900 
 09.00 08 -24.015 1.640 1.634  1.637   -4.389 
 10.00 08 -25.248 1.583 1.577  1.580   -4.745 
 11.00 08 -26.140 1.543 1.538  1.540   -4.977 
 12.00 08 -26.778 1.516 1.511  1.514   -5.104 
 13.00 08 -27.239 1.499 1.493  1.496   -5.144 
 14.00 08 -27.582 1.487 1.482  1.484   -5.113 
 15.00 08 -27.847 1.479 1.473  1.476   -5.025 
 16.00 08 -28.060 1.472 1.467  1.470   -4.890 
 17.00 08 -28.236 1.467 1.462  1.465   -4.712 
 18.00 08 -28.382 1.463 1.457  1.460   -4.493 
 19.00 08 -28.501 1.459 1.453  1.456   -4.231 
 20.00 08 -28.596 1.455 1.450  1.452   -3.926 
 22.00 08 -28.724 1.449 1.444  1.447   -3.181 
 24.00 08 -28.789 1.445 1.440  1.443   -2.256 
 26.00 08 -28.813 1.442 1.437  1.440   -1.166 
 28.00 08 -28.813 1.439 1.434  1.436   0.062 
 30.00 08 -28.798 1.435 1.430  1.433   1.400 
 32.00 08 -28.771 1.430 1.425  1.428   2.821 
 34.00 08 -28.731 1.424 1.420  1.422   4.308 
 01.00 10 -0.194 5.705 5.586  5.646   0.501 
 02.00 10 -3.734 3.460 3.441  3.450   0.143 
 03.00 10 -8.266 2.723 2.713  2.718   -0.774 
 04.00 10 -12.736 2.314 2.308  2.311   -1.894 
 05.00 10 -16.689 2.049 2.043  2.046   -2.991 
 06.00 10 -19.942 1.864 1.858  1.861   -3.958 
 07.00 10 -22.467 1.732 1.727  1.729   -4.750 
 08.00 10 -24.329 1.639 1.633  1.636   -5.358 
 09.00 10 -25.647 1.575 1.570  1.572   -5.791 
 10.00 10 -26.553 1.533 1.528  1.531   -6.069 
 11.00 10 -27.173 1.507 1.502  1.505   -6.219 
 12.00 10 -27.607 1.492 1.486  1.489   -6.268 
 13.00 10 -27.926 1.482 1.476  1.479   -6.243 
 14.00 10 -28.172 1.475 1.470  1.473   -6.164 
 15.00 10 -28.365 1.470 1.465  1.467   -6.047 
 16.00 10 -28.518 1.466 1.461  1.463   -5.899 
 17.00 10 -28.636 1.462 1.457  1.460   -5.724 
 18.00 10 -28.724 1.459 1.454  1.457   -5.526 
 19.00 10 -28.785 1.457 1.452  1.454   -5.304 
 20.00 10 -28.826 1.455 1.449  1.452   -5.059 
 22.00 10 -28.865 1.451 1.446  1.449   -4.501 
 24.00 10 -28.873 1.449 1.444  1.447   -3.851 
 26.00 10 -28.869 1.447 1.442  1.445   -3.107 
 28.00 10 -28.861 1.445 1.440  1.442   -2.266 
 30.00 10 -28.850 1.442 1.437  1.440   -1.326 
 32.00 10 -28.836 1.439 1.434  1.437   -0.290 
 34.00 10 -28.817 1.436 1.431  1.433   0.838 
 01.00 12 -0.536 5.481 5.388  5.435   0.457 
 02.00 12 -4.870 3.295 3.280  3.287   -0.155 
 03.00 12 -10.041 2.594 2.586  2.590   -1.394 
 04.00 12 -14.865 2.203 2.197  2.200   -2.731 
 05.00 12 -18.886 1.950 1.944  1.947   -3.925 
 06.00 12 -21.979 1.777 1.772  1.775   -4.892 
 07.00 12 -24.205 1.660 1.654  1.657   -5.623 
 08.00 12 -25.721 1.582 1.577  1.580   -6.139 
 09.00 12 -26.717 1.534 1.529  1.531   -6.481 
 10.00 12 -27.368 1.506 1.500  1.503   -6.690 
 11.00 12 -27.808 1.489 1.484  1.486   -6.807 
 12.00 12 -28.122 1.479 1.473  1.476   -6.861 
 13.00 12 -28.355 1.472 1.466  1.469   -6.870 
 14.00 12 -28.530 1.466 1.461  1.463   -6.843 
 15.00 12 -28.659 1.462 1.456  1.459   -6.783 
 16.00 12 -28.749 1.458 1.453  1.455   -6.690 
 17.00 12 -28.809 1.456 1.450  1.453   -6.565 
 18.00 12 -28.846 1.454 1.449  1.451   -6.410 
 19.00 12 -28.867 1.453 1.448  1.450   -6.227 
 20.00 12 -28.879 1.452 1.447  1.450   -6.019 
 22.00 12 -28.887 1.452 1.447  1.449   -5.538 
 24.00 12 -28.889 1.451 1.446  1.449   -4.987 
 26.00 12 -28.889 1.450 1.445  1.448   -4.376 
 28.00 12 -28.885 1.449 1.444  1.446   -3.709 
 30.00 12 -28.879 1.447 1.442  1.445   -2.983 
 32.00 12 -28.870 1.445 1.440  1.443   -2.197 
 34.00 12 -28.859 1.442 1.438  1.440   -1.346 
